B 254.787 -81.532 219.845 97.547 56.781 276.626 56.781 342.143
B 56.781 342.143 56.781 442.602 54.241 508.787 177.623 511.030
B 177.623 511.030 257.699 512.486 289.729 396.012 289.729 330.495

B 371.719 -81.532 406.661 97.547 569.725 276.626 569.725 342.143
B 569.725 342.143 569.725 442.602 572.265 508.787 448.883 511.030
B 448.883 511.030 368.807 512.486 336.777 396.012 336.777 330.495

B -129.578 674.094 23.295 623.137 58.958 593.619 151.416 521.222
B 151.416 521.222 194.445 487.529 262.846 351.658 119.386 400.380
B 119.386 400.380 42.222 426.587 45.154 526.734 113.562 541.605
B 113.562 541.605 180.535 556.164 298.465 535.781 308.657 413.483
B 308.657 413.483 318.848 291.185 318.848 219.845 318.848 219.845

B 757.424 675.550 604.552 624.593 568.889 595.075 476.431 522.678
B 476.431 522.678 433.401 488.985 399.943 388.057 508.460 401.835
B 508.460 401.835 589.304 412.101 582.692 528.189 514.284 543.060
B 514.284 543.060 447.312 557.619 329.382 537.236 319.191 414.938
B 319.191 414.938 308.999 292.640 308.999 221.299 308.999 221.299

B 0.51145 0 0.51145 236.98322 133.31418 422.26102 215.67246 440.57336
B 215.67246 440.57336 298.03074 458.8857 696.04391 500.24207 707.52713 484.83814

B -0.511 0 -0.511 236.983 -133.314 422.261 -215.672 440.573
B -215.672 440.573 -298.030 458.885 -693.371 486.556 -674.953 444.595

B -1.3206664 1.3206664 -43.581991 143.95264 -76.598652 139.99064 -76.598652 219.23063
B -76.598652 219.23063 -76.598652 298.47061 62.071322 401.48258 165.083302 600.9032
B 165.083302 600.9032 -9.2446647 515.0599 -106.97398 529.58723 -58.109319 668.2572

B 0 1.3206664 46.223324 84.52265 72.124939 101.71001 73.957319 191.49663
B 73.957319 191.49663 76.598651 320.92193 -60.750654 439.78191 -203.382629 637.88187
B -203.382629 637.88187 -207.836169 704.68499 -53.318197 834.11029 56.297117 1115.41223

B 1.3206664 1.3206664 -15.847997 278.66061 0 243.00262 -26.413328 283.94328
B -26.413328 283.94328 -52.826656 324.88394 -101.69131 702.59453 -75.277985 772.58985

B 0 5.2826656 18.48933 277.33994 5.2826656 261.49195 27.733994 335.44927
B 27.733994 335.44927 50.185323 409.40659 40.940659 389.59658 18.48933 430.53724

G 217.44626 76.697433
G 273.55377 76.697433
G 329.66132 76.697433
G 385.76883 76.697433
G 179.51053 133.25252
G 216.86926 133.25252
G 254.88611 133.25252
G 292.24484 133.25252
G 329.89972 133.25252
G 367.25845 133.25252
G 404.03351 133.25252
G 441.39218 133.25252
G 179.75665 169.51202
G 217.11542 169.51202
G 255.13223 169.51202
G 292.49097 169.51202
G 330.14587 169.51202
G 367.50458 169.51202
G 404.27957 169.51202
G 441.63834 169.51202
G 143.55412 207.74788
G 180.32916 207.74788
G 217.6879 207.74788
G 255.70474 207.74788
G 292.06348 207.74788
G 329.71838 207.74788
G 367.07709 207.74788
G 404.85214 207.74788
G 442.21082 207.74788
G 480.22766 207.74788
G 143.80025 244.00739
G 180.57529 244.00739
G 217.93405 244.00739
G 255.95087 244.00739
G 293.3096 244.00739
G 330.96448 244.00739
G 367.32321 244.00739
G 405.09821 244.00739
G 442.45697 244.00739
G 480.47375 244.00739